{
 "cells": [
  {
   "cell_type": "code",
   "execution_count": 1,
   "id": "03788b9d",
   "metadata": {},
   "outputs": [],
   "source": [
    "import numpy as np\n",
    "import matplotlib.pyplot as plt\n",
    "import scipy.integrate\n",
    "from scipy import integrate as integrate\n",
    "import pandas as pd\n",
    "from scipy.optimize import minimize\n",
    "from scipy.special import erf\n",
    "from matplotlib import cm\n",
    "import emcee\n",
    "from getdist import MCSamples, plots\n"
   ]
  },
  {
   "cell_type": "code",
   "execution_count": 2,
   "id": "ea49edd7",
   "metadata": {},
   "outputs": [
    {
     "name": "stdout",
     "output_type": "stream",
     "text": [
      "Number of BAO points: 12\n",
      "First 5 rows:\n",
      " [[1.220000e-01 5.390000e+02]\n",
      " [3.800000e-01 1.023406e+01]\n",
      " [3.800000e-01 2.498058e+01]\n",
      " [5.100000e-01 1.336595e+01]\n",
      " [5.100000e-01 2.231656e+01]]\n",
      "(12, 12)\n",
      "(12, 12)\n"
     ]
    }
   ],
   "source": [
    "data_oldbao = np.array([\n",
    "    [0.122, 539.0],\n",
    "    [0.38, 10.23406],    \n",
    "    [0.38, 24.98058],                   \n",
    "    [0.51, 13.36595],   \n",
    "    [0.51, 22.31656],    \n",
    "    [0.698, 17.8582369],  \n",
    "    [0.698, 19.32575373],  \n",
    "    [0.81, 10.75],\n",
    "    [1.48, 30.6876],     \n",
    "    [1.48, 13.2609],     \n",
    "    [2.334, 37.5],       \n",
    "    [2.334, 8.99]        \n",
    "])\n",
    "\n",
    "z_oldbao = data_oldbao[:,0]\n",
    "oldbao_val = data_oldbao[:,1]\n",
    "\n",
    "print(\"Number of BAO points:\", len(z_oldbao))\n",
    "print(\"First 5 rows:\\n\", data_oldbao[:5])\n",
    "\n",
    "cov_matrix_old=np.array([[289,0,0,0,0,0,0,0,0,0,0,0],\n",
    "[0,0.0286052,-0.04939281,0.01489688,-0.01387079,0,0,0,0,0,0,0],\n",
    "[0,-0.04939281,0.5307187,-0.02423513,0.1767087,0,0,0,0,0,0,0],\n",
    "[0,0.01489688,-0.02423513,0.04147534,-0.04873962,0,0,0,0,0,0,0],\n",
    "[0,-0.01387079,0.1767087,-0.04873962,0.3268589,0,0,0,0,0,0,0],\n",
    "[0,0,0,0,0,0.1076634008565565,-0.05831820341302727,0,0,0,0,0],\n",
    "[0,0,0,0,0,-0.05831820341302727,0.2838176386,0,0,0,0,0],\n",
    "[0,0,0,0,0,0,0,0.1849,0,0,0,0],\n",
    "[0,0,0,0,0,0,0,0,0.63731604,0.1706891,0,0],\n",
    "[0,0,0,0,0,0,0,0,0.1706891,0.30468415,0,0],\n",
    "[0,0,0,0,0,0,0,0,0,0,1.3225,-0.1009],\n",
    "[0,0,0,0,0,0,0,0,0,0,-0.1009,0.038]])\n",
    "print((cov_matrix_old.shape))\n",
    "\n",
    "# --- data values from Table II (paper) in the exact Table-II order ---\n",
    "data_newbao = np.array([\n",
    "    [0.122, 539.0],                    # DV (rs,fid/rs) ±17\n",
    "    [0.38,  10.23406],                 # DM/rs (correlated block)\n",
    "    [0.38,  24.98058],                 # DH/rs (correlated block)\n",
    "    [0.51,  13.36595],                 # DM/rs (correlated block)\n",
    "    [0.51,  22.31656],                 # DH/rs (correlated block)\n",
    "    [0.698, 17.85823691865007],        # DM/rs (correlated block)\n",
    "    [0.698, 19.32575373059217],        # DH/rs (correlated block)\n",
    "    [0.835, 18.92],                    # DM/rs ±0.51 (uncorrelated)\n",
    "    [1.48,  30.6876],                  # DM/rs (correlated pair)\n",
    "    [1.48,  13.2609],                  # DH/rs (correlated pair)\n",
    "    [2.334, 37.5],                     # DM/rs (correlated pair)\n",
    "    [2.334, 8.99],                     # DH/rs (correlated pair)\n",
    "])\n",
    "\n",
    "z_newbao = data_newbao[:,0].copy()\n",
    "newbao_val = data_newbao[:,1].copy()\n",
    "\n",
    "# --- Build 12x12 covariance ---\n",
    "C = np.zeros((12,12))\n",
    "\n",
    "# 1) Uncorrelated diagonal entries:\n",
    "# index 0 -> 539 ± 17 -> variance = 17^2 = 289\n",
    "C[0,0] = 17.0**2\n",
    "# index 7 -> 18.92 ± 0.51 -> variance = 0.51^2\n",
    "C[7,7] = 0.51**2\n",
    "\n",
    "# 2) Correlated block for Ref.[114] (indices 1..4) -- Eq. (10)\n",
    "C_114 = np.array([\n",
    "    [ 0.02860520, -0.04939281,  0.01489688, -0.01387079],\n",
    "    [-0.04939281,  0.5307187,  -0.02423513,  0.1767087 ],\n",
    "    [ 0.01489688, -0.02423513,  0.04147534, -0.04873962],\n",
    "    [-0.01387079,  0.1767087,  -0.04873962,  0.3268589 ]\n",
    "])\n",
    "C[1:5, 1:5] = C_114\n",
    "\n",
    "# 3) Correlated 2x2 for indices 5..6 (Refs.[114],[115]) -- Eq. (11)\n",
    "C_698 = np.array([\n",
    "    [ 0.1076634008565565, -0.05831820341302727],\n",
    "    [-0.05831820341302727, 0.2838176386340292]\n",
    "])\n",
    "C[5:7, 5:7] = C_698\n",
    "\n",
    "# 4) index 8..9 (1.48 pair) correlation matrix Eq. (12)\n",
    "C_148 = np.array([\n",
    "    [0.63731604, 0.1706891],\n",
    "    [0.1706891,  0.30468415]\n",
    "])\n",
    "C[8:10, 8:10] = C_148\n",
    "\n",
    "# 5) index 10..11 (2.334 pair) correlation matrix Eq. (9)\n",
    "C_2334 = np.array([\n",
    "    [ 1.3225, -0.1009],\n",
    "    [-0.1009,  0.0380]\n",
    "])\n",
    "C[10:12, 10:12] = C_2334\n",
    "cov_matrix_new=C\n",
    "print((cov_matrix_new.shape))\n",
    "#print(cov_matrix_new-cov_matrix_old)"
   ]
  },
  {
   "cell_type": "code",
   "execution_count": 3,
   "id": "5c61b4a4",
   "metadata": {},
   "outputs": [],
   "source": [
    "data_oldHz = np.array([\n",
    "    [0.07, 69.0, 19.6],\n",
    "    [0.09, 69.0, 12.0],\n",
    "    [0.12, 68.6, 26.2],\n",
    "    [0.17, 83.0, 8.0],\n",
    "    [0.179, 75.0, 4.0],\n",
    "    [0.199, 75.0, 5.0],\n",
    "    [0.2, 72.9, 29.6],\n",
    "    [0.27, 77.0, 14.0],\n",
    "    [0.28, 88.8, 36.6],\n",
    "    [0.352, 83.0, 14.0],\n",
    "    [0.3802, 83.0, 13.5],\n",
    "    [0.4, 95.0, 17.0],\n",
    "    [0.4004, 77.0, 10.2],\n",
    "    [0.4247, 87.1, 11.2],\n",
    "    [0.43, 86.45, 3.68],\n",
    "    [0.4497, 92.8, 12.9],\n",
    "    [0.47, 89.0, 34.0],\n",
    "    [0.4783, 80.9, 9.0],\n",
    "    [0.48, 97.0, 62.0],\n",
    "    [0.5929, 104.0, 13.0],\n",
    "    [0.6797, 92.0, 8.0],\n",
    "    [0.7812, 105.0, 12.0],\n",
    "    [0.8754, 125.0, 17.0],\n",
    "    [0.88, 90.0, 40.0],\n",
    "    [0.9, 117.0, 23.0],\n",
    "    [1.037, 154.0, 20.0],\n",
    "    [1.3, 168.0, 17.0],\n",
    "    [1.363, 160.0, 33.6],\n",
    "    [1.43, 177.0, 18.0],\n",
    "    [1.53, 140.0, 14.0],\n",
    "    [1.75, 202.0, 40.0],\n",
    "    [1.965, 186.5, 50.4]\n",
    "])\n",
    "\n",
    "z_data_old = data_oldHz[:,0]\n",
    "Hz_data_old = data_oldHz[:,1]\n",
    "sigma_data_old = data_oldHz[:,2]\n",
    "\n",
    "\n",
    "data_newHz = np.array([\n",
    "    [0.07,   69.0],\n",
    "    [0.09,   69.0],\n",
    "    [0.12,   68.6],\n",
    "    [0.17,   83.0],\n",
    "    [0.20,   72.9],\n",
    "    [0.27,   77.0],\n",
    "    [0.28,   88.8],\n",
    "    [0.40,   95.0],\n",
    "    [0.47,   89.0],\n",
    "    [0.48,   97.0],\n",
    "    [0.75,   98.8],\n",
    "    [0.88,   90.0],\n",
    "    [0.90,  117.0],\n",
    "    [1.30,  168.0],\n",
    "    [1.43,  177.0],\n",
    "    [1.53,  140.0],\n",
    "    [1.75,  202.0],\n",
    "    [0.1791,  74.91],\n",
    "    [0.1993,  74.96],\n",
    "    [0.3519,  82.78],\n",
    "    [0.3802,  83.00],\n",
    "    [0.4004,  76.97],\n",
    "    [0.4247,  87.08],\n",
    "    [0.4497,  92.78],\n",
    "    [0.4783,  80.91],\n",
    "    [0.5929, 103.80],\n",
    "    [0.6797,  91.60],\n",
    "    [0.7812, 104.50],\n",
    "    [0.8754, 125.10],\n",
    "    [1.0370, 153.70],\n",
    "    [1.3630, 160.00],\n",
    "    [1.9650, 186.50],\n",
    "])\n",
    "\n",
    "\n",
    "z_data_new = data_newHz[:,0]\n",
    "Hz_data_new = data_newHz[:,1]\n",
    "N_uncorr = 17\n",
    "N_corr = 15\n",
    "\n",
    "cov_corr = np.array([[  30.97980293,   16.49812045,   18.21924241,   18.54700391,\n",
    "          18.2058504 ,   21.96673768,   22.79064919,   19.44644971,\n",
    "          25.95946765,   21.11754814,   21.51369172,   14.36245692,\n",
    "          21.268649  ,   15.25338754,   17.78472019],\n",
    "       [  16.49812045,   40.52045739,   18.23140316,   18.55938343,\n",
    "          18.21800222,   21.98139977,   22.80586121,   19.45942959,\n",
    "          25.97679475,   21.13164342,   21.52805141,   14.37204339,\n",
    "          21.28284513,   15.26356869,   17.79659092],\n",
    "       [  18.21924241,   18.23140316,  214.69204463,   20.49554109,\n",
    "          20.11854621,   24.27455007,   25.18502122,   21.48948214,\n",
    "          28.68675386,   23.33614517,   23.77390736,   15.87136809,\n",
    "          23.5031206 ,   16.85589936,   19.65317231],\n",
    "       [  18.54700391,   18.55938343,   20.49554109,  204.19588873,\n",
    "          20.48063831,   24.71160518,   25.63842786,   21.87640757,\n",
    "          29.20398504,   23.75608184,   24.20151578,   16.15520296,\n",
    "          23.92632907,   17.15924205,   20.00677079],\n",
    "       [  18.2058504 ,   18.21800222,   20.11854621,   20.48063831,\n",
    "         123.73689379,   24.25833567,   25.16801202,   21.47519381,\n",
    "          28.67092534,   23.31954845,   23.75606695,   15.85205244,\n",
    "          23.48761482,   16.84399657,   19.63891108],\n",
    "       [  21.96673768,   21.98139977,   24.27455007,   24.71160518,\n",
    "          24.25833567,  155.60875982,   30.36862677,   25.91296637,\n",
    "          34.59893843,   28.13736218,   28.66312632,   19.11899815,\n",
    "          28.34136931,   20.32404844,   23.69602004],\n",
    "       [  22.79064919,   22.80586121,   25.18502122,   25.63842786,\n",
    "          25.16801202,   30.36862677,  197.91728853,   26.88450751,\n",
    "          35.89531484,   29.19257554,   29.73829355,   19.83803967,\n",
    "          29.40392648,   21.08622363,   24.58474526],\n",
    "       [  19.44644971,   19.45942959,   21.48948214,   21.87640757,\n",
    "          21.47519381,   25.91296637,   26.88450751,  104.73399039,\n",
    "          30.62980259,   24.90915579,   25.37451556,   16.92475337,\n",
    "          25.08986526,   17.99227305,   20.97734455],\n",
    "       [  25.95946765,   25.97679475,   28.68675386,   29.20398504,\n",
    "          28.67092534,   34.59893843,   35.89531484,   30.62980259,\n",
    "         197.09955561,   33.25420157,   33.87135306,   22.55945891,\n",
    "          33.50078828,   24.02040591,   28.00390592],\n",
    "       [  21.11754814,   21.13164342,   23.33614517,   23.75608184,\n",
    "          23.31954845,   28.13736218,   29.19257554,   24.90915579,\n",
    "          33.25420157,   90.44027124,   27.55556929,   18.39038949,\n",
    "          27.24332128,   19.53769376,   22.77972648],\n",
    "       [  21.51369172,   21.52805141,   23.77390736,   24.20151578,\n",
    "          23.75606695,   28.66312632,   29.73829355,   25.37451556,\n",
    "          33.87135306,   27.55556929,  176.79463026,   18.74506901,\n",
    "          27.7521347 ,   19.90358356,   23.20681664],\n",
    "       [  14.36245692,   14.37204339,   15.87136809,   16.15520296,\n",
    "          15.85205244,   19.11899815,   19.83803967,   16.92475337,\n",
    "          22.55945891,   18.39038949,   18.74506901,  291.50952779,\n",
    "          18.50939852,   13.28265168,   15.49092049],\n",
    "       [  21.268649  ,   21.28284513,   23.5031206 ,   23.92632907,\n",
    "          23.48761482,   28.34136931,   29.40392648,   25.08986526,\n",
    "          33.50078828,   27.24332128,   27.7521347 ,   18.50939852,\n",
    "         414.49170111,   19.67829137,   22.94302445],\n",
    "       [  15.25338754,   15.26356869,   16.85589936,   17.15924205,\n",
    "          16.84399657,   20.32404844,   21.08622363,   17.99227305,\n",
    "          24.02040591,   19.53769376,   19.90358356,   13.28265168,\n",
    "          19.67829137, 1078.82920147,   16.45401472],\n",
    "       [  17.78472019,   17.79659092,   19.65317231,   20.00677079,\n",
    "          19.63891108,   23.69602004,   24.58474526,   20.97734455,\n",
    "          28.00390592,   22.77972648,   23.20681664,   15.49092049,\n",
    "          22.94302445,   16.45401472, 2477.36089781]])\n",
    "\n",
    "sigma_uncorr = np.array([\n",
    "    19.6, 12.0, 26.2, 8.0, 29.6, 14.0, 36.6, 17.0, 50.0,\n",
    "    62.0, 33.6, 40.0, 23.0, 17.0, 18.0, 14.0, 40.0\n",
    "])\n",
    "\n",
    "\n",
    "cov_uncorr = np.diag(sigma_uncorr**2)\n",
    "\n",
    "cov_total = np.zeros((N_uncorr + N_corr, N_uncorr + N_corr))\n",
    "\n",
    "cov_total[:N_uncorr, :N_uncorr] = cov_uncorr\n",
    "cov_total[N_uncorr:, N_uncorr:] = cov_corr\n"
   ]
  },
  {
   "cell_type": "markdown",
   "id": "f17cea53",
   "metadata": {},
   "source": [
    "# Flat $\\Lambda$ CDM"
   ]
  },
  {
   "cell_type": "code",
   "execution_count": 4,
   "id": "de9e24c6",
   "metadata": {},
   "outputs": [],
   "source": [
    "def H_theory(z, H0, Obh2, Och2):\n",
    "    \"\"\"Calculates the theoretical Hubble parameter H(z) for a flat LambdaCDM model.\"\"\"\n",
    "    Ovh2 = 0.06 / 93.14\n",
    "    h = H0 / 100.0\n",
    "    Om0 = (Obh2 + Och2 + Ovh2) / h**2\n",
    "    Ez = np.sqrt(Om0 * (1 + z)**3 + (1 - Om0))\n",
    "    return H0 * Ez"
   ]
  },
  {
   "cell_type": "code",
   "execution_count": 5,
   "id": "e8da7dd9",
   "metadata": {},
   "outputs": [],
   "source": [
    "c = 3e5  # km/s\n",
    "\n",
    "def E_flat(z, H0, Obh2, Och2):\n",
    "    Ovh2 = 0.06 / 93.14\n",
    "    h = H0 / 100.0\n",
    "    Om0 = (Obh2 + Och2 + Ovh2) / h**2\n",
    "    return np.sqrt(Om0 * (1 + z)**3 + (1 - Om0))\n",
    "\n",
    "def Dh_flat(z, H0, Obh2, Och2):\n",
    "    return c / (H0 * E_flat(z, H0, Obh2, Och2))\n",
    "\n",
    "def Dc_flat(z, H0, Obh2, Och2):\n",
    "    result, _ = scipy.integrate.quad(lambda zp: 1.0/E_flat(zp, H0, Obh2, Och2), 0, z)\n",
    "    return (c / H0) * result\n",
    "\n",
    "def Dm_flat(z, H0, Obh2, Och2):\n",
    "    # Flat LambdaCDM: Transverse comoving = line-of-sight comoving\n",
    "    return Dc_flat(z, H0, Obh2, Och2)\n",
    "\n",
    "def Da_flat(z, H0, Obh2, Och2):\n",
    "    return Dm_flat(z, H0, Obh2, Och2) / (1 + z)\n",
    "\n",
    "def Dv_flat(z, H0, Obh2, Och2):\n",
    "    # Volume-averaged distance for BAO\n",
    "    return (Dm_flat(z, H0, Obh2, Och2)**2 * z * Dh_flat(z, H0, Obh2, Och2))**(1/3)\n",
    "\n",
    "def rs_flat(H0, Obh2, Och2):\n",
    "    Ovh2 = 0.06 / 93.14\n",
    "    p1 = np.exp(-72.3 * (Ovh2 + 0.0006)**2)\n",
    "    p2 = (Obh2)**0.12807 * (Obh2 + Och2)**0.25351\n",
    "    return 55.154 * p1 / p2\n",
    "\n"
   ]
  },
  {
   "cell_type": "code",
   "execution_count": 6,
   "id": "1addae31",
   "metadata": {},
   "outputs": [],
   "source": [
    "def log_likelihood1_old(theta, z, H_obs, H_err):\n",
    "    H0, Obh2, Och2 = theta\n",
    "    H_th = H_theory(z, H0, Obh2, Och2)\n",
    "    res = H_obs - H_th\n",
    "    chi21 = np.sum((res / H_err)**2)\n",
    "    log_norm = np.sum(np.log(2.0 * np.pi * (H_err**2)))\n",
    "\n",
    "    return -0.5 * (chi21 + log_norm)"
   ]
  },
  {
   "cell_type": "code",
   "execution_count": 7,
   "id": "805c20c8",
   "metadata": {},
   "outputs": [],
   "source": [
    "def log_likelihood1_new(theta, z, H_obs, cov_total):\n",
    "    H0, Obh2, Och2 = theta\n",
    "    H_th = H_theory(z, H0, Obh2, Och2)\n",
    "    res = H_obs - H_th\n",
    "    inv_cov = np.linalg.inv(cov_total)\n",
    "    chi2 = np.dot(res, np.dot(inv_cov, res))\n",
    "    # Normalization (multivariate normal)\n",
    "    log_norm = np.linalg.slogdet(2.0 * np.pi * cov_total)[1]\n",
    "    return -0.5 * (chi2 + log_norm)"
   ]
  },
  {
   "cell_type": "code",
   "execution_count": 8,
   "id": "d527ad14",
   "metadata": {},
   "outputs": [],
   "source": [
    "def log_likelihood2_old(theta, z_bao, bao_val, cov_matrix):\n",
    "    H0, Obh2, Och2 = theta\n",
    "    \n",
    "    N = len(z_bao)\n",
    "    D_th = np.zeros(N)\n",
    "    rs_fid = 147.5\n",
    "\n",
    "    rs_values = rs_flat(H0, Obh2, Och2) * np.ones(N)  # flat model, constant rs for all z\n",
    "\n",
    "    # Dv, Da, Dm, Dh functions use (z, H0, Obh2, Och2)\n",
    "    D_th[0] = Dv_flat(z_bao[0], H0, Obh2, Och2) * rs_fid / rs_values[0]      # Dv/rs @ z=0.122\n",
    "    D_th[7] = Da_flat(z_bao[7], H0, Obh2, Och2) / rs_values[7]               # Da/rs @ z=0.81\n",
    "    for i in [1,3,5,8,10]:       # Dm/rs indices\n",
    "        D_th[i] = Dm_flat(z_bao[i], H0, Obh2, Och2) / rs_values[i]\n",
    "    for i in [2,4,6,9,11]:       # Dh/rs indices\n",
    "        D_th[i] = Dh_flat(z_bao[i], H0, Obh2, Och2) / rs_values[i]\n",
    "\n",
    "    res = bao_val - D_th\n",
    "\n",
    "    inv_cov = np.linalg.inv(cov_matrix)\n",
    "    chi2 = np.dot(res, np.dot(inv_cov, res))\n",
    "    log_norm = np.linalg.slogdet(2.0 * np.pi * cov_matrix)[1]\n",
    "\n",
    "    return -0.5 * (chi2 + log_norm)\n"
   ]
  },
  {
   "cell_type": "code",
   "execution_count": 9,
   "id": "29fb33ee",
   "metadata": {},
   "outputs": [],
   "source": [
    "def log_likelihood2_new(theta, z_bao, bao_val, cov_matrix):\n",
    "    H0, Obh2, Och2 = theta\n",
    "    \n",
    "    N = len(z_bao)\n",
    "    D_th = np.zeros(N)\n",
    "    rs_fid = 147.5\n",
    "\n",
    "    rs_values = rs_flat(H0, Obh2, Och2) * np.ones(N)  # flat model, constant rs for all z\n",
    "\n",
    "    # Dv, Da, Dm, Dh functions use (z, H0, Obh2, Och2)\n",
    "    D_th[0] = Dv_flat(z_bao[0], H0, Obh2, Och2) * rs_fid / rs_values[0]      # Dv/rs @ z=0.122\n",
    "    #D_th[7] = Da_flat(z_bao[7], H0, Obh2, Och2) / rs_values[7]               # Da/rs @ z=0.81\n",
    "    for i in [1,3,5,7,8,10]:       # Dm/rs indices\n",
    "        D_th[i] = Dm_flat(z_bao[i], H0, Obh2, Och2) / rs_values[i]\n",
    "    for i in [2,4,6,9,11]:       # Dh/rs indices\n",
    "        D_th[i] = Dh_flat(z_bao[i], H0, Obh2, Och2) / rs_values[i]\n",
    "\n",
    "    res = bao_val - D_th\n",
    "\n",
    "    inv_cov = np.linalg.inv(cov_matrix)\n",
    "    chi2 = np.dot(res, np.dot(inv_cov, res))\n",
    "    log_norm = np.linalg.slogdet(2.0 * np.pi * cov_matrix)[1]\n",
    "\n",
    "    return -0.5 * (chi2 + log_norm)\n"
   ]
  },
  {
   "cell_type": "code",
   "execution_count": 10,
   "id": "97b1698f",
   "metadata": {},
   "outputs": [],
   "source": [
    "def log_prior(theta):\n",
    "    H0, Obh2, Och2 = theta\n",
    "    if 0.0 < Obh2 < 1.0 and 0.0 < Och2 < 1.0:\n",
    "        return 0.0\n",
    "    return -np.inf"
   ]
  },
  {
   "cell_type": "code",
   "execution_count": 11,
   "id": "d5b9be0e",
   "metadata": {},
   "outputs": [],
   "source": [
    "def log_probability_old(theta, z, H_obs, H_err, z_bao, bao_val, cov_matrix):\n",
    "    lp = log_prior(theta)\n",
    "    if not np.isfinite(lp):\n",
    "        return -np.inf\n",
    "    return lp + log_likelihood1_old(theta, z, H_obs, H_err)+log_likelihood2_old(theta, z_bao, bao_val, cov_matrix)"
   ]
  },
  {
   "cell_type": "code",
   "execution_count": 12,
   "id": "fbec505b",
   "metadata": {},
   "outputs": [],
   "source": [
    "def log_probability_new(theta, z, H_obs, cov_total,z_bao, bao_val, cov_matrix):\n",
    "    lp = log_prior(theta)\n",
    "    if not np.isfinite(lp):\n",
    "        return -np.inf\n",
    "    return lp + log_likelihood1_new(theta, z, H_obs, cov_total)+log_likelihood2_new(theta, z_bao, bao_val, cov_matrix)"
   ]
  },
  {
   "cell_type": "code",
   "execution_count": 13,
   "id": "8c743bb1",
   "metadata": {},
   "outputs": [
    {
     "name": "stdout",
     "output_type": "stream",
     "text": [
      "Best-fit parameters (rounded): H0 = 68.953, Obh2 = 0.024, Och2 = 0.118\n",
      "Minimized negative log likelihood: 135.47934451786782\n"
     ]
    }
   ],
   "source": [
    "def negative_log_probability_old(theta, z, H_obs, H_err,z_bao, bao_val, cov_matrix):\n",
    "    logp = log_prior(theta)\n",
    "    if not np.isfinite(logp):\n",
    "        return 1e10\n",
    "    return -log_likelihood1_old(theta, z, H_obs, H_err) - log_likelihood2_old(theta, z_bao, bao_val, cov_matrix)\n",
    "\n",
    "theta_init = [70.0, 0.5, 0.5]\n",
    "\n",
    "result = minimize(\n",
    "    negative_log_probability_old,\n",
    "    theta_init,\n",
    "    args=(z_data_old, Hz_data_old, sigma_data_old, z_oldbao, oldbao_val, cov_matrix_old),\n",
    "    method='Nelder-Mead'\n",
    ")\n",
    "\n",
    "best_fit_params_old = result.x\n",
    "print(\"Best-fit parameters (rounded): H0 = {:.3f}, Obh2 = {:.3f}, Och2 = {:.3f}\".format(*best_fit_params_old))\n",
    "print(\"Minimized negative log likelihood:\", result.fun)\n"
   ]
  },
  {
   "cell_type": "code",
   "execution_count": 14,
   "id": "acfb0700",
   "metadata": {},
   "outputs": [
    {
     "name": "stdout",
     "output_type": "stream",
     "text": [
      "Best-fit parameters (rounded): H0 = 70.134, Obh2 = 0.025, Och2 = 0.120\n",
      "Minimized negative log likelihood: 141.35368604686155\n"
     ]
    }
   ],
   "source": [
    "def negative_log_probability_new(theta, z, H_obs, cov_total,z_bao, bao_val, cov_matrix):\n",
    "    logp = log_prior(theta)\n",
    "    if not np.isfinite(logp):\n",
    "        return 1e10\n",
    "    return -log_likelihood1_new(theta, z, H_obs, cov_total) - log_likelihood2_new(theta, z_bao, bao_val, cov_matrix)\n",
    "\n",
    "theta_init = [70.0, 0.5, 0.5]\n",
    "\n",
    "result = minimize(\n",
    "    negative_log_probability_new,\n",
    "    theta_init,\n",
    "    args=(z_data_new, Hz_data_new, cov_total, z_newbao, newbao_val, cov_matrix_new),\n",
    "    method='Nelder-Mead'\n",
    ")\n",
    "\n",
    "best_fit_params_new = result.x\n",
    "print(\"Best-fit parameters (rounded): H0 = {:.3f}, Obh2 = {:.3f}, Och2 = {:.3f}\".format(*best_fit_params_new))\n",
    "print(\"Minimized negative log likelihood:\", result.fun)\n"
   ]
  },
  {
   "cell_type": "code",
   "execution_count": 15,
   "id": "cb57bf1e",
   "metadata": {},
   "outputs": [
    {
     "name": "stdout",
     "output_type": "stream",
     "text": [
      "Old Hz+Bao\n"
     ]
    },
    {
     "name": "stderr",
     "output_type": "stream",
     "text": [
      "100%|██████████| 5000/5000 [25:42<00:00,  3.24it/s] \n"
     ]
    },
    {
     "name": "stdout",
     "output_type": "stream",
     "text": [
      "[35.78382499 35.70289711 36.00691669]\n",
      "burn-in: 72\n",
      "thin: 17\n",
      "flat chain shape: (57800, 3)\n",
      "New Hz+Bao\n"
     ]
    },
    {
     "name": "stderr",
     "output_type": "stream",
     "text": [
      "100%|██████████| 5000/5000 [34:50<00:00,  2.39it/s]  \n"
     ]
    },
    {
     "name": "stdout",
     "output_type": "stream",
     "text": [
      "[36.35812416 36.6890845  36.04149158]\n",
      "burn-in: 73\n",
      "thin: 18\n",
      "flat chain shape: (54600, 3)\n"
     ]
    }
   ],
   "source": [
    "print(\"Old Hz+Bao\")\n",
    "pos = best_fit_params_old + 1e-4 * np.random.randn(200, 3)\n",
    "nwalkers, ndim = pos.shape\n",
    "sampler = emcee.EnsembleSampler(\n",
    "    nwalkers, ndim, log_probability_old, args=(z_data_old, Hz_data_old, sigma_data_old, z_oldbao, oldbao_val, cov_matrix_old)\n",
    ")\n",
    "sampler.run_mcmc(pos, 5000, progress=True)\n",
    "tau = sampler.get_autocorr_time()\n",
    "print(tau)\n",
    "tau = sampler.get_autocorr_time()\n",
    "burnin = int(2 * np.max(tau))\n",
    "thin = int(0.5 * np.min(tau))\n",
    "flat_samples_old = sampler.get_chain(discard=burnin,thin= thin, flat=True)\n",
    "labels = [\"H0\", \"omega_bh2\", \"omega_ch2\"]\n",
    "print(\"burn-in: {0}\".format(burnin))\n",
    "print(\"thin: {0}\".format(thin))\n",
    "print(\"flat chain shape: {0}\".format(flat_samples_old.shape))\n",
    "print(\"New Hz+Bao\")\n",
    "pos = best_fit_params_new + 1e-4 * np.random.randn(200, 3)\n",
    "nwalkers, ndim = pos.shape\n",
    "sampler = emcee.EnsembleSampler(\n",
    "    nwalkers, ndim, log_probability_new, args=(z_data_new, Hz_data_new, cov_total, z_newbao, newbao_val, cov_matrix_new)\n",
    ")\n",
    "sampler.run_mcmc(pos, 5000, progress=True)\n",
    "tau = sampler.get_autocorr_time()\n",
    "print(tau)\n",
    "tau = sampler.get_autocorr_time()\n",
    "burnin = int(2 * np.max(tau))\n",
    "thin = int(0.5 * np.min(tau))\n",
    "flat_samples_new = sampler.get_chain(discard=burnin,thin= thin, flat=True)\n",
    "labels = [\"H0\", \"omega_bh2\", \"omega_ch2\"]\n",
    "print(\"burn-in: {0}\".format(burnin))\n",
    "print(\"thin: {0}\".format(thin))\n",
    "print(\"flat chain shape: {0}\".format(flat_samples_new.shape))"
   ]
  },
  {
   "cell_type": "code",
   "execution_count": 16,
   "id": "8473cf56",
   "metadata": {},
   "outputs": [
    {
     "name": "stderr",
     "output_type": "stream",
     "text": [
      "<>:31: SyntaxWarning: invalid escape sequence '\\L'\n",
      "<>:31: SyntaxWarning: invalid escape sequence '\\L'\n",
      "<>:31: SyntaxWarning: invalid escape sequence '\\L'\n",
      "<>:31: SyntaxWarning: invalid escape sequence '\\L'\n",
      "C:\\Users\\sumit\\AppData\\Local\\Temp\\ipykernel_25112\\381121644.py:31: SyntaxWarning: invalid escape sequence '\\L'\n",
      "  legend_labels=['Old BAO+Hz (flat $\\Lambda$CDM)', 'New BAO+Hz (flat $\\Lambda$CDM)'],\n",
      "C:\\Users\\sumit\\AppData\\Local\\Temp\\ipykernel_25112\\381121644.py:31: SyntaxWarning: invalid escape sequence '\\L'\n",
      "  legend_labels=['Old BAO+Hz (flat $\\Lambda$CDM)', 'New BAO+Hz (flat $\\Lambda$CDM)'],\n"
     ]
    },
    {
     "name": "stdout",
     "output_type": "stream",
     "text": [
      "Removed no burn in\n",
      "Removed no burn in\n"
     ]
    },
    {
     "data": {
